{
  "advancedEditorSelectedIdentifier" : "ShaderGraphEditorPluginID",
  "openSceneRelativePaths" : [
    "Scene.usda",
    "HoverShaderScene.usda"
  ],
  "recentIdentifiers" : {
    "17FA8397-017E-45D1-B167-5B2082FED5A8" : [

    ]
  },
  "sceneCameraHistory" : {
    "17FA8397-017E-45D1-B167-5B2082FED5A8" : [
      {
        "date" : 741625439.166639,
        "title" : "Untitled",
        "transform" : [
          0.7994117,
          -2.5548055e-09,
          -0.6007836,
          0,
          -0.13341394,
          0.97503155,
          -0.17752257,
          0,
          0.58578295,
          0.22206654,
          0.7794515,
          0,
          0.15928592,
          0.16697893,
          0.52083975,
          1
        ]
      },
      {
        "date" : 741625436.042583,
        "title" : "Untitled",
        "transform" : [
          0.7674653,
          -2.5548055e-09,
          -0.6410905,
          0,
          -0.14236476,
          0.97503155,
          -0.17042834,
          0,
          0.6250835,
          0.22206654,
          0.74830276,
          0,
          0.09566316,
          0.14630651,
          0.3839899,
          1
        ]
      },
      {
        "date" : 741625405.825775,
        "title" : "Untitled",
        "transform" : [
          0.99466246,
          -1.7213964e-09,
          0.10318225,
          0,
          0.019241305,
          0.9824589,
          -0.18548363,
          0,
          -0.1013723,
          0.186479,
          0.977215,
          0,
          -0.16955677,
          0.13440214,
          0.38779414,
          1
        ]
      },
      {
        "date" : 741625397.606214,
        "title" : "Untitled",
        "transform" : [
          0.90803957,
          -2.039997e-09,
          -0.41888437,
          0,
          -0.05366761,
          0.9917586,
          -0.116338305,
          0,
          0.41543218,
          0.12812033,
          0.900556,
          0,
          0.020703014,
          0.1145663,
          0.44973293,
          1
        ]
      },
      {
        "date" : 741625356.692002,
        "title" : "Untitled",
        "transform" : [
          0.94890875,
          -2.4234654e-09,
          0.31555054,
          0,
          0.052521463,
          0.9860509,
          -0.1579401,
          0,
          -0.3111489,
          0.16644396,
          0.93567234,
          0,
          -0.25468937,
          0.12887916,
          0.39036718,
          1
        ]
      },
      {
        "date" : 741625287.842541,
        "title" : "Untitled",
        "transform" : [
          0.97890854,
          -1.3979327e-09,
          -0.20429909,
          0,
          -0.027580751,
          0.9908453,
          -0.1321544,
          0,
          0.20242879,
          0.13500181,
          0.96994686,
          0,
          -0.023110338,
          0.11447814,
          0.46928,
          1
        ]
      },
      {
        "date" : 741625267.149711,
        "title" : "Untitled",
        "transform" : [
          0.9803235,
          -1.4773753e-09,
          -0.19739814,
          0,
          -0.030532755,
          0.9879653,
          -0.15163252,
          0,
          0.19502245,
          0.15467602,
          0.9685254,
          0,
          -0.026882652,
          0.1234955,
          0.4667861,
          1
        ]
      },
      {
        "date" : 741625262.677183,
        "title" : "Untitled",
        "transform" : [
          0.16728279,
          -2.2424191e-09,
          0.985909,
          0,
          0.053363573,
          0.998534,
          -0.009054391,
          0,
          -0.9844638,
          0.054126296,
          0.16703753,
          0,
          -0.43523347,
          0.084176295,
          0.076410994,
          1
        ]
      },
      {
        "date" : 741625254.604377,
        "title" : "Untitled",
        "transform" : [
          0.9795704,
          -2.2222357e-09,
          -0.20110154,
          0,
          -0.013805435,
          0.99764085,
          -0.067246616,
          0,
          0.20062709,
          0.06864912,
          0.9772595,
          0,
          0.04572187,
          0.089977235,
          0.38895833,
          1
        ]
      },
      {
        "date" : 741625249.354948,
        "title" : "Untitled",
        "transform" : [
          0.97025657,
          -1.8704807e-09,
          -0.24207875,
          0,
          -0.0027225374,
          0.9999367,
          -0.010911996,
          0,
          0.24206342,
          0.011246533,
          0.97019523,
          0,
          0.063117765,
          0.06742122,
          0.39108247,
          1
        ]
      }
    ]
  },
  "sceneViewportBackgroundColors" : {

  },
  "selectedSceneRelativePath" : "HoverShaderScene.usda"
}